4294967293,131
4294967293,130
4294967293,129
4294967293,128
4294967293,127
4294967293,126
4294967293,125
4294967293,124
4294967293,123
4294967293,122
4294967293,121
4294967293,120
4294967293,119
4294967293,118
4294967293,117
4294967293,116
4294967293,115
4294967293,114
4294967293,113
4294967293,112
4294967293,111
4294967293,110
4294967293,109
4294967293,108
4294967293,107
4294967293,106
4294967293,105
4294967293,104
4294967293,103
4294967293,102
4294967293,101
4294967293,100
4294967293,99
4294967293,98
4294967293,97
4294967293,96
4294967293,95
4294967293,94
4294967293,93
4294967293,92
4294967293,91
4294967293,90
4294967293,89
4294967293,87
4294967293,86
4294967293,85
4294967293,84
4294967293,83
4294967293,82
4294967293,81
4294967293,80
4294967293,79
4294967293,78
4294967293,77
4294967293,76
4294967293,75
4294967293,74
4294967293,73
4294967293,72
4294967293,71
4294967293,70
4294967293,69
4294967293,68
4294967293,67
4294967293,66
4294967293,65
4294967293,64
4294967293,63
4294967293,62
4294967293,61
4294967293,60
4294967293,59
4294967293,58
4294967293,57
4294967293,56
4294967293,55
4294967293,54
4294967293,53
4294967293,52
4294967293,51
4294967293,50
4294967293,49
4294967293,48
4294967293,47
4294967293,46
4294967293,45
4294967293,44
4294967293,43
4294967293,42
4294967293,41
4294967293,40
4294967293,39
4294967293,38
4294967293,37
4294967293,36
4294967293,35
4294967293,34
4294967293,33
4294967293,32
4294967293,31
4294967293,30
4294967293,29
4294967293,28
4294967293,27
4294967293,26
4294967293,25
4294967293,24
4294967293,23
4294967293,22
4294967293,21
4294967293,20
4294967293,19
4294967293,18
4294967293,17
4294967293,16
4294967293,15
4294967293,14
4294967293,13
4294967293,12
4294967293,11
4294967293,10
4294967293,9
4294967293,8
4294967293,7
4294967293,6
4294967293,5
4294967293,4
4294967293,3
4294967278,315
4294967278,132
4294967278,131
4294967278,130
4294967278,129
4294967278,128
4294967278,127
4294967278,126
4294967278,125
4294967278,124
4294967278,342
4294967278,123
4294967278,122
4294967278,234
4294967278,121
4294967278,120
4294967278,119
4294967278,118
4294967278,338
4294967278,117
4294967278,116
4294967278,115
4294967278,113
4294967278,311
4294967278,112
4294967278,111
4294967278,110
4294967278,109
4294967278,107
4294967278,106
4294967278,378
4294967278,105
4294967278,104
4294967278,103
4294967278,102
4294967278,101
4294967278,100
4294967278,99
4294967278,98
4294967278,302
4294967278,97
4294967278,95
4294967278,93
4294967278,92
4294967278,91
4294967278,90
4294967278,89
4294967278,87
4294967278,86
4294967278,85
4294967278,83
4294967278,82
4294967278,80
4294967278,79
4294967278,78
4294967278,191
4294967278,77
4294967278,76
4294967278,75
4294967278,73
4294967278,72
4294967278,71
4294967278,70
4294967278,69
4294967278,68
4294967278,67
4294967278,65
4294967278,64
4294967278,63
4294967278,62
4294967278,61
4294967278,60
4294967278,59
4294967278,58
4294967278,57
4294967278,55
4294967278,54
4294967278,52
4294967278,51
4294967278,50
4294967278,48
4294967278,47
4294967278,46
4294967278,45
4294967278,44
4294967278,43
4294967278,174
4294967278,88
4294967278,260
4294967278,42
4294967278,41
4294967278,40
4294967278,39
4294967278,38
4294967278,37
4294967278,36
4294967278,35
4294967278,34
4294967278,33
4294967278,32
4294967278,31
4294967278,30
4294967278,29
4294967278,28
4294967278,27
4294967278,26
4294967278,22
4294967278,21
4294967278,19
4294967278,16
4294967278,379
4294967278,8
4294967278,0
4294967278,346
4294967278,350
4294967278,4
4294967279,314
4294967279,131
4294967279,129
4294967279,379
4294967279,125
4294967279,122
4294967279,378
4294967279,118
4294967279,114
4294967279,338
4294967279,112
4294967279,111
4294967279,336
4294967279,105
4294967279,103
4294967279,102
4294967279,101
4294967279,100
4294967279,98
4294967279,95
4294967279,94
4294967279,93
4294967279,92
4294967279,91
4294967279,86
4294967279,85
4294967279,84
4294967279,83
4294967279,82
4294967279,81
4294967279,79
4294967279,78
4294967279,77
4294967279,74
4294967279,73
4294967279,72
4294967279,71
4294967279,70
4294967279,69
4294967279,68
4294967279,67
4294967279,66
4294967279,65
4294967279,64
4294967279,63
4294967279,62
4294967279,61
4294967279,60
4294967279,59
4294967279,58
4294967279,57
4294967279,55
4294967279,54
4294967279,52
4294967279,51
4294967279,49
4294967279,48
4294967279,47
4294967279,42
4294967279,38
4294967279,35
4294967279,32
4294967279,29
4294967279,24
4294967279,23
4294967279,22
4294967279,21
4294967279,20
4294967279,19
4294967279,13
4294967279,380
4294967279,346
4294967279,9
4294967279,88
4294967279,0
4294967279,6
4294967294,445
4294967294,666
4294967294,540
4294967294,442
4294967294,441
4294967294,440
4294967294,439
4294967294,438
4294967294,426
4294967294,538
4294967294,437
4294967294,436
4294967294,434
4294967294,435
4294967294,430
4294967294,429
4294967294,420
4294967294,419
4294967294,418
4294967294,451
4294967294,402
4294967294,404
4294967294,414
4294967294,448
4294967294,416
4294967294,408
4294967294,450
4294967294,432
4294967294,431
4294967294,346
4294967294,345
4294967294,344
4294967294,343
4294967294,342
4294967294,340
4294967294,341
4294967294,339
4294967294,338
4294967294,337
4294967294,336
4294967294,335
4294967294,334
4294967294,333
4294967294,332
4294967294,331
4294967294,330
4294967294,56
21,0
4294967294,410
4294967294,688
4294967294,554
4294967294,387
4294967278,348
4294967278,314
4294967278,344
4294967278,335
4294967278,289
4294967278,180
4294967278,282
4294967278,169
4294967278,277
4294967278,162
4294967278,334
4294967278,300
4294967278,294
4294967278,347
4294967278,337
4294967278,308
4294967278,301
4294967278,295
4294967294,187
4294967294,672
4294967294,5
4294967294,1227
4294967294,674
4294967294,647
4294967294,1253
4294967294,183
4294967294,615
4294967294,614
4294967294,613
4294967294,651
4294967294,612
4294967294,611
4294967294,610
4294967294,573
4294967294,652
4294967294,653
4294967294,609
4294967294,608
4294967294,607
4294967294,560
4294967294,656
4294967294,533
4294967294,605
4294967294,667
4294967294,572
4294967294,569
4294967294,659
4294967294,662
4294967294,566
4294967294,603
4294967294,604
4294967294,602
4294967294,648
4294967294,400
4294967294,185
4294967294,571
4294967294,601
4294967294,600
4294967294,565
4294967294,663
4294967294,649
4294967294,655
4294967294,568
4294967294,546
4294967294,644
4294967294,643
4294967294,125
4294967294,3
4294967294,598
4294967294,599
4294967294,66
4294967294,65
4294967294,64
4294967294,63
4294967294,62
4294967294,443
4294967294,60
4294967294,61
4294967294,645
4294967294,646
4294967294,455
4294967294,732
4294967294,596
4294967294,46
4294967294,1235
4294967278,292
4294967278,193
4294967278,166
4294967278,340
4294967278,309
4294967278,201
4294967278,290
4294967278,284
4294967278,353
4294967278,345
4294967278,233
4294967278,333
4294967278,298
4294967278,168
4294967278,160
4294967278,349
4294967278,343
4294967278,339
4294967278,310
4294967278,303
4294967279,304
4294967279,298
4294967278,296
4294967278,291
4294967279,290
4294967278,190
4294967279,288
4294967278,187
4294967278,185
4294967278,184
4294967278,183
4294967278,182
4294967278,178
4294967278,175
4294967278,278
4294967278,276
4294967279,270
4294967279,370
4294967279,360
4294967278,375
4294967279,358
4294967278,352
4294967279,357
4294967278,374
4294967279,343
4294967279,313
4294967278,313
4294967278,341
4294967279,368
4294967279,367
4294967278,336
4294967278,373
4294967279,334
4294967278,307
4294967279,308
4294967278,306
4294967278,305
4294967279,306
4294967278,304
4294967279,305
4294967279,377
4294967279,196
4294967279,195
4294967279,194
4294967278,194
4294967278,288
4294967279,185
4294967279,190
4294967278,370
4294967279,188
4294967278,287
4294967278,285
4294967279,375
4294967279,287
4294967279,374
4294967279,286
4294967279,373
4294967279,285
4294967279,284
4294967279,372
4294967279,283
4294967279,178
4294967279,282
4294967279,175
4294967279,173
4294967279,281
4294967278,173
4294967279,171
4294967278,279
4294967279,168
4294967279,166
4294967279,165
4294967279,162
4294967279,371
4294967279,275
4294967279,158
4294967278,274
4294967278,273
4294967279,271
4294967278,272
4294967278,271
4294967278,270
4294967278,269
4294967278,268
4294967278,267
4294967278,368
4294967278,367
4294967279,366
4294967278,366
4294967278,365
4294967278,364
4294967279,365
4294967278,363
4294967278,362
4294967278,361
4294967278,360
4294967278,359
4294967279,137
4294967279,364
4294967279,362
4294967278,351
4294967278,358
4294967279,361
4294967278,357
4294967279,359
4294967278,356
4294967278,355
4294967279,369
4294967279,351
4294967278,354
4294967294,595
4294967294,597
4294967294,567
4294967294,594
4294967294,559
4294967294,593
4294967294,517
4294967294,592
4294967294,558
4294967294,528
4294967294,591
4294967294,564
4294967294,590
4294967294,589
4294967294,585
4294967294,527
4294967294,552
4294967294,588
4294967294,557
4294967294,587
4294967294,534
4294967294,535
4294967294,537
4294967294,586
4294967294,536
4294967294,189
4294967294,179
4294967294,191
4294967294,322
4294967294,313
4294967294,514
4294967294,574
4294967294,398
4294967294,389
4294967294,186
4294967294,444
4294967294,397
4294967294,29
4294967294,28
4294967294,27
4294967294,385
4294967294,394
4294967294,395
4294967294,399
4294967294,307
4294967294,303
4294967278,157
4294967294,290
4294967294,279
4294967294,273
4294967294,269
4294967294,256
4294967294,222
4294967294,562
4294967294,556
4294967294,551
4294967294,391
4294967294,529
4294967294,532
4294967294,166
4294967294,2
4294967294,453
4294967294,104
4294967294,105
4294967294,106
4294967294,107
4294967294,658
4294967294,657
4294967294,8
4294967294,92
4294967294,95
4294967294,91
4294967294,96
4294967294,90
4294967294,88
4294967294,87
4294967294,86
4294967294,85
4294967294,412
4294967294,393
4294967294,384
4294967294,1
4294967294,45
4294967294,120
4294967294,44
4294967294,53
4294967294,190
4294967294,4
4294967294,93
4294967294,94
4294967294,31
4294967294,36
4294967294,39
4294967294,114
4294967294,115
4294967294,392
4294967294,165
4294967294,109
4294967294,111
4294967294,167
4294967294,161
4294967294,1230
4294967294,878
4294967294,710
4294967294,708
4294967294,24
4294967294,640
4294967294,7
4294967294,6
4294967294,563
4294967294,555
4294967294,606
4294967294,543
4294967294,454
4294967294,1232
4294967294,712
4294967294,17
4294967294,42
4294967294,67
4294967294,99
4294967294,76
4294967294,41
4294967294,43
4294967294,51
4294967294,25
4294967294,26
4294967294,82
4294967294,83
0,5
4294967294,84
4294967279,311
4294967278,200
4294967278,138
4294967278,134
4243767290,0
4294967294,465
4294967294,464
4294967294,463
4294967294,462
4294967294,1732
4294967294,461
4294967294,460
4294967294,363
4294967294,362
4294967294,361
4294967294,360
4294967294,359
4294967294,358
4294967294,357
4294967294,356
4294967294,355
4294967294,354
4294967294,353
4294967294,352
4294967294,351
4294967294,350
4294967294,349
4294967294,348
4294967294,347
4294967294,0
21,4
4294967294,415
4294967278,12
4294967278,11
4294967279,423
4294967279,345
4294967279,422
4294967279,8
4294967279,7
4294967279,344
4294967278,6
4294967278,5
4294967279,421
4294967279,130
4294967294,869
4294967279,420
4294967279,124
4294967294,711
4294967294,1856
4294967294,549
4294967278,410
4294967294,548
4294967294,547
4294967294,545
4294967278,409
4294967294,544
4294967294,683
4294967294,541
4294967294,539
4294967294,692
4294967294,681
4294967294,690
4294967294,685
4294967294,684
4294967294,642
4294967294,676
4294967294,682
4294967278,408
4294967294,677
4294967294,735
4294967294,641
4294967294,1279
4294967294,1331
4294967294,1330
4294967294,1329
4294967294,1328
4294967294,1327
4294967294,1326
4294967294,1325
4294967294,1324
4294967294,1323
4294967294,1322
4294967294,1321
4294967294,1320
4294967294,1319
4294967294,1318
4294967294,1317
4294967294,1316
4294967294,1315
4294967294,1314
4294967294,1313
4294967294,1312
4294967294,1311
4294967294,1278
4294967294,1310
4294967294,1309
4294967294,1308
